L[0][0]=1.000000
L[0][1]=0.000000
L[0][2]=0.000000
L[0][3]=0.000000
L[0][4]=0.000000
L[0][5]=0.000000
L[0][6]=0.000000
L[0][7]=0.000000
L[0][8]=0.000000
L[1][0]=0.100037
L[1][1]=1.000000
L[1][2]=0.000000
L[1][3]=0.000000
L[1][4]=0.000000
L[1][5]=0.000000
L[1][6]=0.000000
L[1][7]=0.000000
L[1][8]=0.000000
L[2][0]=0.000000
L[2][1]=0.136000
L[2][2]=1.000000
L[2][3]=0.000000
L[2][4]=0.000000
L[2][5]=0.000000
L[2][6]=0.000000
L[2][7]=0.000000
L[2][8]=0.000000
L[3][0]=0.122185
L[3][1]=-0.024926
L[3][2]=0.215339
L[3][3]=1.000000
L[3][4]=0.000000
L[3][5]=0.000000
L[3][6]=0.000000
L[3][7]=0.000000
L[3][8]=0.000000
L[4][0]=0.050018
L[4][1]=0.045470
L[4][2]=-0.007856
L[4][3]=-0.006464
L[4][4]=1.000000
L[4][5]=0.000000
L[4][6]=0.000000
L[4][7]=0.000000
L[4][8]=0.000000
L[5][0]=0.000000
L[5][1]=0.068000
L[5][2]=0.058595
L[5][3]=-0.005326
L[5][4]=0.135072
L[5][5]=1.000000
L[5][6]=0.000000
L[5][7]=0.000000
L[5][8]=0.000000
L[6][0]=0.000000
L[6][1]=0.000000
L[6][2]=0.057593
L[6][3]=0.047388
L[6][4]=0.175777
L[6][5]=-0.065193
L[6][6]=1.000000
L[6][7]=0.000000
L[6][8]=0.000000
L[7][0]=0.061093
L[7][1]=-0.012463
L[7][2]=0.002153
L[7][3]=0.055311
L[7][4]=-0.013020
L[7][5]=0.339595
L[7][6]=0.258624
L[7][7]=1.000000
L[7][8]=0.000000
L[8][0]=0.000000
L[8][1]=0.000000
L[8][2]=0.000000
L[8][3]=0.000000
L[8][4]=0.157918
L[8][5]=0.130006
L[8][6]=0.173256
L[8][7]=0.119482
L[8][8]=1.000000
