U[0][0]=0.750000
U[0][1]=0.137458
U[0][2]=0.000000
U[0][3]=0.112542
U[0][4]=0.137458
U[0][5]=0.000000
U[0][6]=0.000000
U[0][7]=0.112542
U[0][8]=0.000000
U[1][0]=0.000000
U[1][1]=0.673818
U[1][2]=0.112542
U[1][3]=-0.011258
U[1][4]=0.061277
U[1][5]=0.112542
U[1][6]=0.000000
U[1][7]=-0.011258
U[1][8]=0.000000
U[2][0]=0.000000
U[2][1]=0.000000
U[2][2]=0.651361
U[2][3]=0.076559
U[2][4]=-0.008334
U[2][5]=0.076333
U[2][6]=0.075028
U[2][7]=0.001531
U[2][8]=0.000000
U[3][0]=0.000000
U[3][1]=0.000000
U[3][2]=0.000000
U[3][3]=0.698580
U[3][4]=-0.013473
U[3][5]=-0.013632
U[3][6]=0.121302
U[3][7]=0.077278
U[3][8]=0.000000
U[4][0]=0.000000
U[4][1]=0.000000
U[4][2]=0.000000
U[4][3]=0.000000
U[4][4]=0.527700
U[4][5]=0.132853
U[4][6]=0.113915
U[4][7]=-0.004606
U[4][8]=0.250000
U[5][0]=0.000000
U[5][1]=0.000000
U[5][2]=0.000000
U[5][3]=0.000000
U[5][4]=0.000000
U[5][5]=0.415732
U[5][6]=-0.019137
U[5][7]=0.076737
U[5][8]=0.116287
U[6][0]=0.000000
U[6][1]=0.000000
U[6][2]=0.000000
U[6][3]=0.000000
U[6][4]=0.000000
U[6][5]=0.000000
U[6][6]=0.439451
U[6][7]=0.093701
U[6][8]=0.146915
U[7][0]=0.000000
U[7][1]=0.000000
U[7][2]=0.000000
U[7][3]=0.000000
U[7][4]=0.000000
U[7][5]=0.000000
U[7][6]=0.000000
U[7][7]=0.484173
U[7][8]=0.175769
U[8][0]=0.000000
U[8][1]=0.000000
U[8][2]=0.000000
U[8][3]=0.000000
U[8][4]=0.000000
U[8][5]=0.000000
U[8][6]=0.000000
U[8][7]=0.000000
U[8][8]=0.065614
