x[0]=1.613685
x[1]=1.337214
x[2]=1.256545
x[3]=1.312109
x[4]=-2.162517
x[5]=-0.174719
x[6]=-0.568736
x[7]=-2.172406
x[8]=8.558824
