x[0]=1.843549
x[1]=-0.156451
x[2]=1.858013
x[3]=-0.141987
x[4]=1.843136
x[5]=-0.156864
x[6]=1.799182
x[7]=-0.200818
x[8]=1.726935
x[9]=-0.273065
x[10]=1.627685
x[11]=-0.372315
x[12]=1.503200
x[13]=-0.496800
x[14]=1.355701
x[15]=-0.644299
x[16]=1.187818
x[17]=-0.812182
x[18]=1.002546
x[19]=-0.997454
x[20]=0.803189
x[21]=-1.196811
x[22]=0.593302
x[23]=-1.406698
x[24]=0.376629
x[25]=-1.623371
x[26]=0.157033
x[27]=-1.842967
x[28]=-0.061569
x[29]=-2.061569
x[30]=-0.275279
x[31]=-2.275279
x[32]=-0.480284
x[33]=-2.480284
x[34]=-0.672929
x[35]=-2.672929
x[36]=-0.849779
x[37]=-2.849779
x[38]=-1.007679
x[39]=-3.007679
x[40]=-1.143813
x[41]=-3.143813
x[42]=-1.255753
x[43]=-3.255753
x[44]=-1.341503
x[45]=-3.341503
x[46]=-1.399534
x[47]=-3.399534
x[48]=-1.428810
x[49]=-3.428810
x[50]=-1.428810
x[51]=-3.428810
x[52]=-1.399534
x[53]=-3.399534
x[54]=-1.341503
x[55]=-3.341503
x[56]=-1.255753
x[57]=-3.255753
x[58]=-1.143813
x[59]=-3.143813
x[60]=-1.007679
x[61]=-3.007679
x[62]=-0.849779
x[63]=-2.849779
x[64]=-0.672929
x[65]=-2.672929
x[66]=-0.480284
x[67]=-2.480284
x[68]=-0.275279
x[69]=-2.275279
x[70]=-0.061569
x[71]=-2.061569
x[72]=0.157033
x[73]=-1.842967
x[74]=0.376629
x[75]=-1.623371
x[76]=0.593302
x[77]=-1.406698
x[78]=0.803189
x[79]=-1.196811
x[80]=1.002546
x[81]=-0.997454
x[82]=1.187818
x[83]=-0.812182
x[84]=1.355701
x[85]=-0.644299
x[86]=1.503200
x[87]=-0.496800
x[88]=1.627685
x[89]=-0.372315
x[90]=1.726935
x[91]=-0.273065
x[92]=1.799182
x[93]=-0.200818
x[94]=1.843136
x[95]=-0.156864
x[96]=1.858013
x[97]=-0.141987
x[98]=1.843549
x[99]=-0.156451

x[97]=-1.160126
x[98]=-2.703650
x[99]=-0.209787
8
x[99]=1.360119
