L[0][0]=1.000000
L[0][1]=0.000000
L[0][2]=0.000000
L[0][3]=0.000000
L[0][4]=0.000000
L[0][5]=0.000000
L[0][6]=0.000000
L[0][7]=0.000000
L[0][8]=0.065614
L[1][0]=0.100037
L[1][1]=1.000000
L[1][2]=0.000000
L[1][3]=0.000000
L[1][4]=0.000000
L[1][5]=0.000000
L[1][6]=0.000000
L[1][7]=0.484173
L[1][8]=0.175769
L[2][0]=0.000000
L[2][1]=0.136000
L[2][2]=1.000000
L[2][3]=0.000000
L[2][4]=0.000000
L[2][5]=0.000000
L[2][6]=0.439451
L[2][7]=0.093701
L[2][8]=0.146915
L[3][0]=0.122185
L[3][1]=-0.016617
L[3][2]=0.102593
L[3][3]=1.000000
L[3][4]=0.000000
L[3][5]=0.415732
L[3][6]=-0.019137
L[3][7]=0.076737
L[3][8]=0.116287
L[4][0]=0.050018
L[4][1]=0.056505
L[4][2]=-0.010097
L[4][3]=-0.097509
L[4][4]=1.000000
L[4][5]=0.132853
L[4][6]=0.113915
L[4][7]=-0.004606
L[4][8]=0.250000
L[5][0]=0.000000
L[5][1]=0.068000
L[5][2]=0.071031
L[5][3]=0.014243
L[5][4]=-0.013694
L[5][5]=1.000000
L[5][6]=0.121302
L[5][7]=0.077278
L[5][8]=-0.000000
L[6][0]=0.000000
L[6][1]=0.000000
L[6][2]=0.057593
L[6][3]=0.051768
L[6][4]=0.171137
L[6][5]=-0.280281
L[6][6]=1.000000
L[6][7]=0.001531
L[6][8]=0.000000
L[7][0]=0.061093
L[7][1]=0.000000
L[7][2]=-0.003519
L[7][3]=0.061201
L[7][4]=-0.020288
L[7][5]=0.323050
L[7][6]=-0.182544
L[7][7]=1.000000
L[7][8]=-0.000000
L[8][0]=0.000000
L[8][1]=0.000000
L[8][2]=0.000000
L[8][3]=0.000000
L[8][4]=0.155010
L[8][5]=0.125820
L[8][6]=0.195804
L[8][7]=-0.317388
L[8][8]=1.000000
