x[0]=-18.000000
x[1]=-0.666667
x[2]=0.000000
x[3]=24.500000
x[4]=0.000000
