L[0][0]=1.000000
L[0][1]=0.000000
L[0][2]=0.000000
L[0][3]=0.000000
L[0][4]=0.000000
L[1][0]=-nan
L[1][1]=1.000000
L[1][2]=0.000000
L[1][3]=0.000000
L[1][4]=0.000000
L[2][0]=-nan
L[2][1]=-nan
L[2][2]=1.000000
L[2][3]=0.000000
L[2][4]=0.000000
L[3][0]=-nan
L[3][1]=-nan
L[3][2]=-nan
L[3][3]=1.000000
L[3][4]=0.000000
L[4][0]=-nan
L[4][1]=-nan
L[4][2]=-nan
L[4][3]=-nan
L[4][4]=1.000000
