x[0]=5072950910411476041728.000000
x[1]=-513398558747040677888.000000
x[2]=-0.269800
x[3]=0.034194
x[4]=-5667243394485926756352.000000
x[5]=579431057005375520768.000000
x[6]=2536475455205734875136.000000
x[7]=-281830606252794806272.000000
x[8]=664539821125886279680.000000
x[9]=-73837757934007418880.000000
x[10]=-299819787393038614528.000000
x[11]=33313309724383043584.000000
x[12]=-78550804611673636864.000000
x[13]=8727867182754655232.000000
x[14]=35439690428668493824.000000
x[15]=-3937743382623380992.000000
x[16]=9284964886961221632.000000
x[17]=-1031662765652878848.000000
x[18]=-4189088614199383552.000000
x[19]=465454290662841024.000000
x[20]=-1097513556713977472.000000
x[21]=121945950797411840.000000
x[22]=495164128279722240.000000
x[23]=-55018236498721256.000000
x[24]=129729732081429888.000000
x[25]=-14414414681791778.000000
x[26]=-58530037560897448.000000
x[27]=6503337509508293.000000
x[28]=-15334483371949450.000000
x[29]=1703831486490523.500000
x[30]=6918444009225204.000000
x[31]=-768716001349125.500000
x[32]=1812586648502411.000000
x[33]=-201398516585180.687500
x[34]=-817782962448696.250000
x[35]=90864773643720.718750
x[36]=-214253736408174.437500
x[37]=23805970722056.363281
x[38]=96664650719094.625000
x[39]=-10740516751094.437500
x[40]=25325500219695.203125
x[41]=-2813944470041.421875
x[42]=-11426081402656.265625
x[43]=1269564600830.413330
x[44]=-2993557882023.515625
x[45]=332617542587.298340
x[46]=1350600609933.035889
x[47]=-150066734500.270294
x[48]=353848441898.418213
x[49]=-39316493560.840927
x[50]=-159645458776.618866
x[51]=17738384315.996208
x[52]=-41826056073.409355
x[53]=4647339565.675758
x[54]=18870621204.520313
x[55]=-2096735690.270947
x[56]=4943978154.711642
x[57]=-549330906.306462
x[58]=-2230569834.540134
x[59]=247841092.835391
x[60]=-584394568.099914
x[61]=64932729.820472
x[62]=263660731.770572
x[63]=-29295636.871532
x[64]=69077371.074991
x[65]=-7675263.451797
x[66]=-31165570.043510
x[67]=3462841.121622
x[68]=-8165173.286569
x[69]=907241.480884
x[70]=3683873.875357
x[71]=-409319.315441
x[72]=965150.912173
x[73]=-107238.986070
x[74]=-435445.649331
x[75]=48382.854162
x[76]=-114083.603769
x[77]=12675.960196
x[78]=51471.541830
x[79]=-5719.055990
x[80]=13485.485241
x[81]=-1498.383033
x[82]=-6083.680490
x[83]=675.968715
x[84]=-1593.602974
x[85]=177.071213
x[86]=719.537134
x[87]=-79.944354
x[88]=188.795122
x[89]=-20.973020
x[90]=-84.625688
x[91]=9.407070
x[92]=-21.890227
x[93]=2.436464
x[94]=10.429017
x[95]=-1.154563
x[96]=1.803795
x[97]=-0.196205
x[98]=1.825368
x[99]=-0.174632
