x[0]=139.936798
x[1]=1.716940
x[2]=-0.653192
x[3]=-0.063748
x[4]=6.037644
x[5]=3.468079
x[6]=2.080561
